0 0.191566 0.365741 0.016867 0.046296
1 0.210843 0.363426 0.016867 0.041667
2 0.193976 0.423611 0.012048 0.050926
0 0.220482 0.428241 0.026506 0.050926
2 0.301205 0.682870 0.014458 0.060185
3 0.316867 0.685185 0.012048 0.055556
3 0.332530 0.689815 0.014458 0.064815
0 0.539759 0.356481 0.019277 0.055556
4 0.560241 0.363426 0.016867 0.060185
2 0.539759 0.430556 0.014458 0.046296
0 0.563855 0.428241 0.024096 0.041667
1 0.543373 0.662037 0.026506 0.055556
2 0.520482 0.726852 0.014458 0.046296
3 0.534940 0.722222 0.014458 0.046296
3 0.549398 0.726852 0.014458 0.055556
5 0.844578 0.368056 0.012048 0.050926
2 0.857831 0.358796 0.014458 0.069444
2 0.848193 0.430556 0.019277 0.046296
6 0.875904 0.428241 0.031325 0.050926
2 0.342169 0.627315 0.014458 0.050926
