2 0.106280 0.391500 0.028986 0.087000
1 0.157005 0.380500 0.074074 0.095000
2 0.373188 0.161500 0.039452 0.105000
3 0.422303 0.160500 0.060386 0.077000
2 0.570853 0.292000 0.019324 0.066000
3 0.601047 0.290000 0.028180 0.064000
2 0.547907 0.537000 0.036232 0.084000
11 0.584138 0.538000 0.033011 0.070000
2 0.759662 0.300000 0.012077 0.066000
3 0.789452 0.304000 0.036232 0.054000
1 0.787440 0.544500 0.037037 0.049000
3 0.822464 0.544500 0.023349 0.073000
1 0.659823 0.459000 0.041063 0.052000
3 0.707327 0.458500 0.050725 0.051000
