2 0.067000 0.383645 0.024000 0.058879
3 0.102500 0.390654 0.033000 0.050467
3 0.141500 0.389720 0.043000 0.069159
2 0.446000 0.173364 0.022000 0.066355
11 0.487500 0.177103 0.045000 0.062617
2 0.740000 0.132243 0.018000 0.062617
3 0.780000 0.127103 0.044000 0.071028
2 0.734000 0.402804 0.016000 0.037383
3 0.759500 0.397196 0.027000 0.044860
2 0.834500 0.335047 0.021000 0.047664
3 0.860000 0.333645 0.028000 0.050467
2 0.438500 0.612150 0.037000 0.044860
1 0.715000 0.666822 0.070000 0.060748
11 0.839500 0.635047 0.045000 0.066355
