2 0.197500 0.279689 0.017000 0.048321
3 0.236000 0.274365 0.054000 0.040950
2 0.481000 0.077805 0.024000 0.034398
3 0.515000 0.070434 0.040000 0.044226
1 0.698000 0.168305 0.034000 0.036855
3 0.733500 0.171171 0.037000 0.029484
2 0.584000 0.332105 0.014000 0.033579
1 0.608000 0.331286 0.030000 0.031941
2 0.813000 0.324734 0.016000 0.041769
11 0.841500 0.327191 0.037000 0.046683
8 0.457000 0.541769 0.044000 0.051597
3 0.490500 0.543817 0.021000 0.029484
2 0.641000 0.509009 0.010000 0.036855
3 0.666000 0.513104 0.038000 0.031941
4 0.859500 0.709664 0.051000 0.072891
11 0.203000 0.782965 0.052000 0.049140
2 0.301500 0.642506 0.019000 0.035217
3 0.324000 0.643325 0.016000 0.025389
3 0.346000 0.642097 0.024000 0.026208
