8 0.189362 0.306533 0.038298 0.050251
2 0.153191 0.369347 0.025532 0.045226
3 0.178723 0.371859 0.025532 0.070352
3 0.204255 0.369347 0.025532 0.055276
9 0.191489 0.695980 0.042553 0.075377
2 0.153191 0.773869 0.025532 0.050251
3 0.178723 0.776382 0.025532 0.055276
3 0.204255 0.771357 0.025532 0.055276
2 0.423404 0.371859 0.021277 0.050251
3 0.448936 0.371859 0.021277 0.050251
3 0.476596 0.366834 0.025532 0.050251
2 0.455319 0.623116 0.025532 0.060302
3 0.489362 0.620603 0.042553 0.065327
2 0.423404 0.688442 0.021277 0.050251
3 0.451064 0.690955 0.025532 0.055276
3 0.478723 0.690955 0.029787 0.045226
8 0.834043 0.542714 0.034043 0.050251
2 0.800000 0.610553 0.034043 0.055276
0 0.797872 0.537688 0.038298 0.060302
10 0.461702 0.304020 0.038298 0.055276
0 0.848936 0.608040 0.046809 0.050251
