2 0.161647 0.216216 0.022088 0.058559
2 0.302711 0.156532 0.025100 0.065315
1 0.433735 0.211712 0.030120 0.072072
2 0.270582 0.363739 0.015060 0.060811
2 0.158635 0.398649 0.020080 0.076577
11 0.136044 0.509009 0.021084 0.081081
8 0.151104 0.708333 0.033133 0.069820
7 0.280622 0.648649 0.023092 0.081081
2 0.229920 0.856982 0.020080 0.083333
15 0.242470 0.876126 0.007028 0.031532
8 0.255522 0.855856 0.015060 0.072072
3 0.270080 0.858108 0.016064 0.081081
13 0.286647 0.854730 0.013052 0.074324
5 0.573293 0.391892 0.010040 0.072072
2 0.588855 0.397523 0.019076 0.060811
4 0.702811 0.159910 0.022088 0.085586
4 0.805221 0.216216 0.044177 0.054054
1 0.942771 0.398649 0.024096 0.085586
0 0.919177 0.399775 0.021084 0.096847
11 0.920181 0.514640 0.019076 0.069820
0 0.944779 0.513514 0.032129 0.081081
2 0.579317 0.513514 0.016064 0.076577
6 0.600402 0.512387 0.024096 0.074324
11 0.602912 0.706081 0.027108 0.060811
1 0.742470 0.653153 0.017068 0.067568
7 0.880020 0.603604 0.021084 0.063063
4 0.692269 0.858108 0.019076 0.072072
15 0.705321 0.878378 0.007028 0.027027
3 0.715361 0.860360 0.017068 0.058559
11 0.731426 0.858108 0.015060 0.067568
13 0.746988 0.853604 0.014056 0.090090
2 0.670683 0.355856 0.018072 0.072072
13 0.689257 0.358108 0.015060 0.081081
0 0.155622 0.506757 0.022088 0.081081
13 0.286647 0.361486 0.015060 0.078829
0 0.137048 0.394144 0.019076 0.067568
