0 0.231054 0.380802 0.029575 0.048523
1 0.258780 0.379747 0.025878 0.046414
10 0.231054 0.432489 0.022181 0.042194
7 0.252311 0.430380 0.020333 0.037975
17 0.281885 0.439873 0.020333 0.052743
0 0.307763 0.427215 0.031423 0.048523
1 0.334566 0.791139 0.022181 0.037975
4 0.268946 0.838608 0.024030 0.044304
9 0.291128 0.838608 0.016636 0.040084
12 0.312384 0.839662 0.022181 0.037975
17 0.340111 0.847046 0.022181 0.044304
0 0.730129 0.758439 0.033272 0.044304
7 0.759704 0.763713 0.029575 0.037975
2 0.731054 0.812236 0.020333 0.042194
0 0.764325 0.809072 0.038817 0.044304
1 0.812384 0.496835 0.024030 0.056962
2 0.837338 0.496835 0.025878 0.044304
17 0.864140 0.503165 0.020333 0.052743
0 0.841035 0.187764 0.029575 0.046414
4 0.869686 0.191983 0.024030 0.033755
11 0.842884 0.243671 0.022181 0.044304
7 0.863216 0.243671 0.018484 0.044304
17 0.890018 0.251055 0.016636 0.046414
0 0.919593 0.238397 0.035120 0.050633
2 0.445471 0.161392 0.018484 0.040084
7 0.358595 0.205696 0.022181 0.044304
15 0.375231 0.220464 0.007394 0.014768
11 0.391867 0.208861 0.018484 0.037975
4 0.411275 0.207806 0.016636 0.044304
1 0.430684 0.210970 0.018484 0.037975
18 0.463956 0.214135 0.033272 0.040084
4 0.841959 0.445148 0.024030 0.037975
