8 0.164716 0.477041 0.025084 0.096939
8 0.137124 0.591837 0.020067 0.112245
12 0.156355 0.599490 0.015050 0.096939
9 0.176421 0.591837 0.018395 0.102041
18 0.205686 0.591837 0.030100 0.091837
0 0.414716 0.471939 0.020067 0.096939
11 0.439799 0.471939 0.023411 0.096939
2 0.413043 0.594388 0.016722 0.096939
9 0.433110 0.596939 0.013378 0.102041
4 0.452341 0.594388 0.021739 0.086735
18 0.480769 0.602041 0.028428 0.081633
7 0.668060 0.474490 0.025084 0.102041
10 0.637960 0.596939 0.021739 0.112245
7 0.660535 0.596939 0.023411 0.112245
18 0.689799 0.602041 0.028428 0.081633
11 0.867057 0.477041 0.021739 0.096939
10 0.841137 0.594388 0.020067 0.096939
4 0.860368 0.596939 0.018395 0.081633
18 0.890468 0.604592 0.031773 0.086735
