9 0.102655 0.420844 0.021239 0.050132
1 0.124779 0.420844 0.023009 0.055409
5 0.162832 0.358839 0.010619 0.052770
2 0.177876 0.358839 0.012389 0.052770
17 0.152212 0.436675 0.021239 0.060686
6 0.176106 0.423483 0.023009 0.060686
12 0.329204 0.676781 0.024779 0.055409
12 0.300000 0.738786 0.019469 0.052770
1 0.321239 0.740106 0.019469 0.044855
17 0.349558 0.750660 0.019469 0.060686
10 0.539823 0.357520 0.021239 0.055409
11 0.514159 0.422164 0.019469 0.047493
4 0.533628 0.422164 0.015929 0.052770
17 0.561062 0.432718 0.021239 0.052770
5 0.800885 0.358839 0.012389 0.052770
1 0.818584 0.349604 0.023009 0.071240
2 0.804425 0.426121 0.019469 0.055409
15 0.820354 0.437995 0.008850 0.015831
3 0.834513 0.423483 0.023009 0.050132
9 0.854867 0.423483 0.017699 0.065963
11 0.872566 0.411609 0.021239 0.068602
18 0.905310 0.427441 0.030088 0.042216
6 0.942478 0.415567 0.040708 0.060686
9 0.807080 0.679420 0.024779 0.050132
7 0.778761 0.738786 0.021239 0.047493
12 0.798230 0.738786 0.017699 0.052770
1 0.818584 0.742744 0.019469 0.060686
17 0.846903 0.750660 0.019469 0.060686
