0 0.147196 0.528963 0.018692 0.064024
1 0.167056 0.524390 0.016355 0.073171
1 0.146612 0.611280 0.012850 0.057927
4 0.161215 0.608232 0.011682 0.057927
7 0.175818 0.609756 0.015187 0.067073
18 0.198014 0.620427 0.022196 0.076220
0 0.217874 0.602134 0.019860 0.082317
2 0.339369 0.530488 0.015187 0.054878
4 0.320093 0.608232 0.014019 0.064024
2 0.334112 0.606707 0.011682 0.073171
18 0.359229 0.611280 0.019860 0.045732
1 0.494743 0.530488 0.019860 0.067073
7 0.475467 0.606707 0.014019 0.060976
11 0.490654 0.611280 0.016355 0.057927
18 0.512850 0.611280 0.023364 0.051829
0 0.678154 0.567073 0.017523 0.054878
16 0.694509 0.580793 0.012850 0.045732
5 0.865654 0.565549 0.011682 0.051829
16 0.882009 0.583841 0.018692 0.051829
