11 0.344874 0.190939 0.021305 0.035599
8 0.319574 0.233819 0.015979 0.027508
11 0.337550 0.234628 0.014647 0.035599
12 0.352863 0.232201 0.018642 0.033981
18 0.380160 0.237055 0.025300 0.033981
8 0.695073 0.190129 0.021305 0.037217
4 0.671105 0.233010 0.015979 0.032362
10 0.687084 0.232201 0.018642 0.033981
18 0.715712 0.234628 0.025300 0.025890
0 0.694407 0.404531 0.019973 0.035599
4 0.717044 0.407767 0.022636 0.032362
8 0.694407 0.447411 0.014647 0.037217
10 0.709055 0.446602 0.014647 0.035599
18 0.736352 0.449838 0.023968 0.025890
4 0.559254 0.593851 0.026631 0.035599
7 0.507324 0.631877 0.015979 0.030744
4 0.523302 0.635113 0.018642 0.037217
18 0.551265 0.639968 0.023968 0.024272
0 0.517976 0.829288 0.021305 0.040453
7 0.539947 0.831715 0.019973 0.032362
4 0.517976 0.872977 0.015979 0.030744
1 0.535952 0.874595 0.014647 0.030744
18 0.560586 0.875405 0.023968 0.025890
9 0.108522 0.620550 0.017310 0.033981
11 0.035286 0.660194 0.017310 0.035599
10 0.051265 0.655340 0.014647 0.055016
18 0.079228 0.659385 0.025300 0.027508
9 0.330892 0.635113 0.017310 0.033981
12 0.348868 0.631068 0.018642 0.038835
18 0.375499 0.639159 0.026631 0.029126
7 0.379494 0.593851 0.018642 0.029126
6 0.417443 0.449838 0.033289 0.035599
18 0.385486 0.452265 0.022636 0.030744
10 0.358189 0.444984 0.018642 0.035599
9 0.342876 0.448220 0.017310 0.032362
2 0.354194 0.406958 0.018642 0.033981
5 0.337550 0.405340 0.014647 0.037217
