0 0.433553 0.292705 0.019737 0.044484
1 0.453947 0.297153 0.023684 0.032028
8 0.432895 0.337189 0.015789 0.030249
14 0.457895 0.340747 0.023684 0.044484
0 0.481579 0.338968 0.023684 0.037367
2 0.601974 0.293594 0.022368 0.042705
1 0.576974 0.337189 0.017105 0.033808
4 0.594079 0.338078 0.017105 0.035587
14 0.617763 0.341637 0.027632 0.046263
5 0.789474 0.315836 0.013158 0.051601
16 0.805921 0.317616 0.019737 0.030249
4 0.809868 0.522242 0.022368 0.044484
12 0.784211 0.562278 0.015789 0.035587
7 0.800658 0.563167 0.017105 0.037367
14 0.826316 0.565836 0.023684 0.039146
7 0.601974 0.798043 0.025000 0.040925
10 0.576974 0.846085 0.014474 0.033808
10 0.594737 0.843416 0.018421 0.046263
18 0.618421 0.850534 0.023684 0.032028
0 0.257895 0.815836 0.021053 0.044484
16 0.275658 0.829181 0.014474 0.032028
1 0.303289 0.605872 0.022368 0.037367
1 0.256579 0.649466 0.021053 0.042705
4 0.275000 0.648577 0.013158 0.040925
14 0.298684 0.648577 0.021053 0.044484
