14 0.259259 0.613850 0.011696 0.030516
12 0.291423 0.583333 0.009747 0.021127
3 0.271930 0.613850 0.009747 0.025822
3 0.284600 0.615023 0.011696 0.023474
10 0.454191 0.580986 0.019493 0.030516
2 0.422027 0.616197 0.009747 0.035211
3 0.433723 0.615023 0.013645 0.028169
3 0.446394 0.616197 0.011696 0.021127
0 0.125731 0.757042 0.017544 0.030516
4 0.141326 0.757042 0.013645 0.030516
2 0.118908 0.791080 0.015595 0.023474
0 0.141326 0.792254 0.017544 0.035211
9 0.588694 0.602113 0.019493 0.025822
2 0.570175 0.633803 0.013645 0.023474
3 0.581871 0.636150 0.009747 0.023474
3 0.594542 0.634977 0.011696 0.030516
8 0.587719 0.447183 0.013645 0.021127
2 0.570175 0.478873 0.009747 0.023474
3 0.581871 0.478873 0.009747 0.028169
3 0.594542 0.478873 0.011696 0.028169
2 0.593567 0.288732 0.009747 0.028169
5 0.584795 0.293427 0.007797 0.032864
2 0.586745 0.322770 0.011696 0.025822
6 0.608187 0.323944 0.023392 0.028169
11 0.750487 0.289906 0.019493 0.025822
2 0.730994 0.321596 0.011696 0.023474
3 0.742690 0.321596 0.011696 0.023474
3 0.755361 0.321596 0.013645 0.018779
