4 0.597923 0.282974 0.026706 0.033573
2 0.537092 0.322542 0.017804 0.040767
2 0.559347 0.322542 0.020772 0.031175
3 0.584570 0.324940 0.023739 0.035971
0 0.359050 0.306954 0.029674 0.038369
1 0.391691 0.302158 0.035608 0.043165
1 0.356083 0.347722 0.029674 0.028777
9 0.381306 0.346523 0.026706 0.031175
14 0.419881 0.346523 0.032641 0.031175
0 0.455490 0.344125 0.032641 0.040767
2 0.359050 0.509592 0.023739 0.035971
10 0.324926 0.549161 0.026706 0.033573
4 0.351632 0.552758 0.020772 0.031175
14 0.388724 0.550360 0.035608 0.031175
0 0.345697 0.729017 0.032641 0.038369
16 0.372404 0.736211 0.026706 0.028777
5 0.774481 0.628297 0.011869 0.033573
16 0.795252 0.639089 0.029674 0.031175
1 0.537092 0.887290 0.029674 0.038369
1 0.468843 0.928058 0.029674 0.033573
11 0.497033 0.929257 0.026706 0.045564
14 0.531157 0.934053 0.035608 0.040767
