5 0.194220 0.438799 0.009409 0.050808
16 0.206317 0.442263 0.014785 0.030023
2 0.346102 0.384527 0.012097 0.030023
1 0.308468 0.431871 0.012097 0.046189
4 0.320565 0.430716 0.012097 0.043880
18 0.342070 0.434180 0.017473 0.032333
11 0.206989 0.663972 0.016129 0.039261
2 0.190188 0.710162 0.012097 0.034642
7 0.201613 0.714781 0.013441 0.039261
18 0.223118 0.712471 0.021505 0.039261
8 0.347446 0.877598 0.014785 0.046189
8 0.305108 0.928406 0.016129 0.041570
10 0.319892 0.929561 0.010753 0.034642
18 0.342070 0.935335 0.020161 0.027714
1 0.533602 0.662818 0.016129 0.036952
9 0.513441 0.710162 0.013441 0.030023
4 0.527554 0.711316 0.014785 0.036952
1 0.541667 0.712471 0.013441 0.043880
0 0.524866 0.409931 0.017473 0.039261
16 0.542339 0.418014 0.017473 0.032333
7 0.635753 0.190531 0.013441 0.039261
1 0.596102 0.241339 0.014785 0.043880
10 0.609543 0.240185 0.009409 0.050808
18 0.633737 0.249423 0.020161 0.041570
2 0.525538 0.464203 0.013441 0.041570
0 0.786290 0.405312 0.018817 0.048499
1 0.805780 0.411085 0.020161 0.041570
9 0.787634 0.459584 0.016129 0.041570
4 0.800403 0.461894 0.012097 0.036952
7 0.813844 0.460739 0.012097 0.034642
13 0.831989 0.459584 0.010753 0.046189
0 0.848790 0.452656 0.020161 0.060046
4 0.788306 0.660508 0.017473 0.041570
8 0.768817 0.710162 0.013441 0.034642
15 0.780242 0.724018 0.009409 0.011547
11 0.789651 0.711316 0.012097 0.041570
10 0.801747 0.713626 0.012097 0.041570
11 0.815860 0.714781 0.013441 0.048499
13 0.834005 0.710162 0.012097 0.043880
