7 0.547945 0.234332 0.034247 0.043597
4 0.469178 0.280654 0.027397 0.032698
1 0.498288 0.277929 0.023973 0.038147
14 0.541096 0.277929 0.041096 0.032698
2 0.839041 0.261580 0.013699 0.038147
2 0.864726 0.258856 0.030822 0.049046
2 0.844178 0.305177 0.023973 0.038147
3 0.873288 0.306540 0.020548 0.035422
3 0.898973 0.307902 0.030822 0.032698
14 0.941781 0.307902 0.034247 0.038147
6 0.982877 0.310627 0.034247 0.054496
0 0.344178 0.487738 0.037671 0.038147
1 0.383562 0.482289 0.041096 0.054496
9 0.340753 0.536785 0.030822 0.038147
12 0.369863 0.532698 0.027397 0.035422
14 0.410959 0.532698 0.047945 0.035422
0 0.462329 0.532698 0.054795 0.046322
2 0.847603 0.490463 0.023973 0.038147
2 0.809932 0.531335 0.023973 0.043597
3 0.837329 0.538147 0.023973 0.035422
3 0.866438 0.539510 0.027397 0.043597
4 0.547945 0.692098 0.027397 0.043597
0 0.849315 0.716621 0.034247 0.043597
4 0.885274 0.722071 0.037671 0.038147
8 0.469178 0.734332 0.027397 0.046322
7 0.498288 0.739782 0.030822 0.035422
14 0.541096 0.737057 0.041096 0.046322
10 0.842466 0.764305 0.034247 0.035422
4 0.873288 0.767030 0.020548 0.035422
1 0.898973 0.765668 0.030822 0.043597
14 0.940068 0.765668 0.037671 0.043597
0 0.981164 0.768392 0.030822 0.070845
1 0.551370 0.919619 0.041096 0.040872
2 0.464041 0.963215 0.023973 0.046322
1 0.493151 0.964578 0.027397 0.043597
7 0.515411 0.967302 0.023973 0.038147
13 0.553082 0.965940 0.030822 0.035422
