12 0.260456 0.257273 0.015209 0.030909
10 0.239544 0.290909 0.015209 0.021818
8 0.263308 0.290909 0.013308 0.025455
11 0.278517 0.291818 0.013308 0.027273
7 0.292776 0.288182 0.019011 0.030909
13 0.313688 0.290000 0.015209 0.027273
15 0.252852 0.297273 0.007605 0.012727
5 0.487643 0.235455 0.009506 0.030909
16 0.501901 0.242727 0.019011 0.023636
0 0.500951 0.450000 0.020913 0.030909
7 0.520913 0.451818 0.019011 0.027273
2 0.500000 0.480909 0.015209 0.023636
12 0.515209 0.482727 0.015209 0.027273
18 0.540875 0.482727 0.020913 0.020000
0 0.564639 0.480909 0.030418 0.027273
11 0.654943 0.431818 0.017110 0.023636
11 0.613118 0.463636 0.013308 0.025455
1 0.626426 0.463636 0.013308 0.029091
18 0.652091 0.464545 0.022814 0.020000
0 0.810837 0.465455 0.017110 0.029091
16 0.829848 0.470000 0.020913 0.020000
8 0.500000 0.604545 0.015209 0.023636
8 0.480989 0.634545 0.015209 0.021818
11 0.496198 0.633636 0.015209 0.020000
13 0.516160 0.634545 0.017110 0.021818
0 0.262357 0.641818 0.019011 0.025455
11 0.281369 0.637273 0.019011 0.041818
1 0.261407 0.673636 0.013308 0.023636
7 0.276616 0.673636 0.013308 0.023636
11 0.292776 0.674545 0.015209 0.021818
18 0.314639 0.674545 0.024715 0.025455
0 0.338403 0.669091 0.026616 0.040000
10 0.819392 0.602727 0.015209 0.023636
9 0.800380 0.633636 0.015209 0.023636
1 0.817490 0.635455 0.015209 0.023636
5 0.607414 0.770000 0.009506 0.027273
16 0.621673 0.777273 0.015209 0.020000
9 0.296578 0.891818 0.019011 0.023636
1 0.248099 0.920909 0.017110 0.030909
4 0.263308 0.921818 0.013308 0.029091
12 0.278517 0.921818 0.017110 0.025455
17 0.299430 0.929091 0.017110 0.029091
