0 0.229572 0.314667 0.015564 0.048000
1 0.245136 0.308000 0.012970 0.061333
8 0.226978 0.368000 0.015564 0.037333
4 0.240597 0.369333 0.011673 0.040000
18 0.261349 0.373333 0.022049 0.032000
0 0.283398 0.362667 0.022049 0.053333
7 0.390402 0.285333 0.015564 0.042667
10 0.352789 0.338667 0.012970 0.058667
11 0.365110 0.336000 0.009079 0.042667
18 0.385863 0.340000 0.019455 0.034667
2 0.230869 0.586667 0.015564 0.048000
2 0.212711 0.644000 0.010376 0.040000
3 0.225032 0.642667 0.011673 0.037333
11 0.237354 0.640000 0.010376 0.048000
14 0.256809 0.640000 0.018158 0.053333
5 0.374189 0.845333 0.006485 0.037333
16 0.384565 0.850667 0.011673 0.037333
2 0.381971 0.902667 0.014267 0.034667
1 0.521401 0.830667 0.015564 0.034667
11 0.486381 0.877333 0.010376 0.037333
4 0.498054 0.881333 0.010376 0.040000
14 0.518807 0.880000 0.018158 0.042667
0 0.618029 0.340000 0.016861 0.050667
16 0.632944 0.350667 0.012970 0.034667
4 0.857977 0.384000 0.011673 0.048000
9 0.839818 0.437333 0.011673 0.037333
10 0.854734 0.440000 0.015564 0.042667
18 0.874189 0.441333 0.020752 0.034667
