7 0.307576 0.326848 0.021212 0.035019
4 0.282576 0.370623 0.016667 0.036965
1 0.299242 0.370623 0.013636 0.033074
17 0.323485 0.378405 0.016667 0.040856
2 0.302273 0.546693 0.007576 0.035019
2 0.315152 0.543774 0.015152 0.040856
2 0.305303 0.592412 0.013636 0.025292
7 0.321970 0.589494 0.016667 0.035019
17 0.344697 0.599222 0.016667 0.038911
6 0.365152 0.588521 0.024242 0.044747
2 0.347727 0.853113 0.022727 0.036965
2 0.298485 0.893969 0.015152 0.036965
4 0.315909 0.893969 0.013636 0.040856
17 0.337121 0.901751 0.019697 0.033074
4 0.607576 0.489300 0.015152 0.033074
2 0.585606 0.535992 0.013636 0.033074
2 0.604545 0.535992 0.018182 0.029183
14 0.626515 0.534047 0.025758 0.036965
11 0.912121 0.376459 0.021212 0.048638
8 0.888636 0.424125 0.016667 0.035019
10 0.905303 0.424125 0.016667 0.031128
13 0.927273 0.424125 0.018182 0.031128
5 0.907576 0.601167 0.006061 0.038911
1 0.921212 0.603113 0.021212 0.035019
10 0.909091 0.645914 0.018182 0.031128
11 0.927273 0.645914 0.018182 0.035019
13 0.949242 0.648833 0.019697 0.029183
6 0.967424 0.645914 0.019697 0.042802
1 0.732576 0.854086 0.022727 0.038911
8 0.687121 0.893969 0.016667 0.036965
7 0.706061 0.896887 0.015152 0.038911
13 0.727273 0.898833 0.015152 0.035019
