7 0.290021 0.283482 0.027027 0.040179
12 0.253638 0.329241 0.024948 0.046875
12 0.276507 0.330357 0.016632 0.040179
17 0.309771 0.339286 0.024948 0.049107
5 0.280665 0.537946 0.012474 0.040179
2 0.300416 0.539062 0.018711 0.037946
11 0.286902 0.585938 0.020790 0.042411
7 0.307692 0.587054 0.020790 0.035714
4 0.328482 0.583705 0.016632 0.046875
17 0.360707 0.591518 0.022869 0.044643
4 0.701663 0.470982 0.022869 0.040179
7 0.669439 0.521205 0.024948 0.042411
1 0.694387 0.524554 0.024948 0.040179
17 0.724532 0.529018 0.022869 0.040179
2 0.456341 0.885045 0.022869 0.037946
9 0.395010 0.936384 0.020790 0.042411
12 0.419958 0.937500 0.020790 0.040179
17 0.451143 0.946429 0.020790 0.049107
6 0.392931 0.590402 0.037422 0.046875
