5 0.613833 0.346218 0.008646 0.030252
2 0.629683 0.352101 0.017291 0.038655
8 0.618876 0.394958 0.015850 0.036975
4 0.638329 0.397479 0.020173 0.035294
13 0.664265 0.395798 0.017291 0.042017
6 0.690202 0.397479 0.031700 0.042017
2 0.461816 0.593277 0.015850 0.033613
2 0.437320 0.641176 0.015850 0.038655
15 0.451009 0.650420 0.008646 0.013445
3 0.463977 0.637815 0.020173 0.038655
11 0.483429 0.640336 0.015850 0.033613
4 0.501441 0.637815 0.017291 0.038655
14 0.534582 0.636975 0.028818 0.040336
1 0.725504 0.593277 0.021614 0.033613
9 0.693804 0.637815 0.024496 0.035294
1 0.716138 0.638655 0.020173 0.033613
17 0.743516 0.646218 0.020173 0.045378
