7 0.744949 0.300584 0.011785 0.025292
12 0.728114 0.330739 0.011785 0.027237
2 0.741582 0.335603 0.011785 0.021401
5 0.423401 0.299611 0.005051 0.027237
2 0.436027 0.302529 0.013468 0.033074
9 0.426768 0.331712 0.011785 0.029183
7 0.441919 0.333658 0.015152 0.025292
6 0.462963 0.334630 0.020202 0.035019
2 0.322391 0.464981 0.015152 0.027237
7 0.304714 0.497082 0.013468 0.029183
4 0.315657 0.499027 0.011785 0.029183
13 0.335859 0.496109 0.011785 0.027237
1 0.499158 0.464981 0.018519 0.023346
2 0.480640 0.496109 0.008418 0.023346
7 0.494949 0.498054 0.013468 0.027237
13 0.510943 0.496109 0.011785 0.027237
0 0.746633 0.584630 0.015152 0.033074
1 0.764310 0.587549 0.020202 0.027237
12 0.745791 0.619650 0.013468 0.029183
4 0.758418 0.619650 0.011785 0.029183
17 0.776936 0.626459 0.015152 0.031128
4 0.179293 0.748054 0.015152 0.029183
4 0.160774 0.781128 0.011785 0.025292
11 0.175084 0.780156 0.010101 0.027237
13 0.192761 0.783074 0.015152 0.025292
11 0.457071 0.890078 0.011785 0.029183
12 0.420034 0.925097 0.015152 0.029183
7 0.436027 0.928016 0.010101 0.027237
17 0.454545 0.931907 0.016835 0.031128
0 0.795455 0.624514 0.025253 0.038911
