0 0.174419 0.425331 0.020349 0.041588
7 0.194041 0.429112 0.018895 0.034026
9 0.172238 0.470699 0.015988 0.037807
12 0.188227 0.472590 0.015988 0.034026
18 0.215843 0.474480 0.024709 0.034026
0 0.239099 0.466919 0.021802 0.045369
8 0.172238 0.653119 0.018895 0.035917
8 0.151163 0.700378 0.014535 0.035917
2 0.166424 0.700378 0.013081 0.039698
10 0.182413 0.698488 0.018895 0.032136
13 0.204215 0.696597 0.015988 0.035917
0 0.510901 0.677694 0.021802 0.039698
16 0.531977 0.683365 0.020349 0.028355
10 0.521076 0.426276 0.021802 0.035917
12 0.499273 0.471645 0.015988 0.032136
1 0.515988 0.472590 0.014535 0.034026
7 0.530523 0.471645 0.014535 0.035917
18 0.559593 0.473535 0.023256 0.035917
12 0.521802 0.199433 0.014535 0.035917
11 0.499273 0.244802 0.018895 0.035917
2 0.515988 0.245747 0.011628 0.030246
9 0.532703 0.245747 0.018895 0.030246
18 0.559593 0.245747 0.023256 0.034026
5 0.898983 0.506616 0.007267 0.030246
16 0.915698 0.512287 0.023256 0.030246
9 0.914971 0.706994 0.015988 0.041588
4 0.891715 0.756144 0.013081 0.034026
1 0.909884 0.758034 0.020349 0.034026
11 0.925145 0.755198 0.015988 0.032136
17 0.946948 0.757089 0.015988 0.054820
