0 0.194318 0.445364 0.015909 0.029801
16 0.209091 0.451159 0.011364 0.021523
7 0.201705 0.608444 0.010227 0.031457
11 0.186364 0.642384 0.011364 0.029801
1 0.196591 0.645695 0.011364 0.026490
9 0.208523 0.644040 0.010227 0.023179
17 0.225000 0.649834 0.011364 0.031457
11 0.352273 0.898179 0.015909 0.028146
2 0.311932 0.937086 0.007955 0.026490
12 0.322727 0.934603 0.011364 0.028146
9 0.333523 0.936258 0.010227 0.024834
18 0.353409 0.937914 0.015909 0.024834
4 0.601705 0.158113 0.012500 0.028146
7 0.584659 0.196192 0.010227 0.031457
4 0.596591 0.197848 0.009091 0.028146
9 0.607955 0.197848 0.009091 0.028146
13 0.623295 0.196192 0.012500 0.024834
0 0.600568 0.427980 0.012500 0.031457
1 0.617045 0.432119 0.015909 0.029801
1 0.600568 0.464404 0.012500 0.024834
11 0.613068 0.465232 0.012500 0.026490
18 0.631250 0.466060 0.017045 0.021523
0 0.648864 0.465232 0.015909 0.033113
2 0.600568 0.650662 0.012500 0.029801
11 0.585227 0.687086 0.009091 0.026490
7 0.596591 0.689570 0.009091 0.028146
10 0.608523 0.688742 0.010227 0.029801
14 0.626136 0.687914 0.018182 0.031457
1 0.785795 0.653146 0.014773 0.028146
2 0.769318 0.687914 0.009091 0.028146
7 0.781818 0.688742 0.011364 0.026490
14 0.800000 0.688742 0.015909 0.029801
