2 0.341155 0.363158 0.025271 0.052632
1 0.373646 0.357895 0.039711 0.056140
2 0.303249 0.426316 0.021661 0.045614
3 0.332130 0.424561 0.028881 0.049123
3 0.364621 0.424561 0.036101 0.049123
10 0.384477 0.678947 0.032491 0.052632
0 0.344765 0.682456 0.039711 0.052632
2 0.344765 0.745614 0.032491 0.052632
0 0.391697 0.747368 0.046931 0.056140
2 0.563177 0.643860 0.021661 0.052632
8 0.593863 0.643860 0.039711 0.052632
2 0.496390 0.712281 0.032491 0.056140
3 0.527076 0.712281 0.028881 0.056140
3 0.557762 0.708772 0.032491 0.049123
2 0.837545 0.682456 0.028881 0.052632
4 0.873646 0.680702 0.036101 0.070175
2 0.801444 0.750877 0.028881 0.049123
3 0.830325 0.749123 0.028881 0.052632
3 0.862816 0.749123 0.036101 0.052632
