0 0.182796 0.292197 0.016726 0.036624
1 0.199522 0.297771 0.016726 0.031847
7 0.182198 0.332803 0.010753 0.028662
11 0.196535 0.332803 0.013142 0.028662
19 0.214456 0.333599 0.013142 0.020701
0 0.232378 0.324841 0.015532 0.038217
1 0.182198 0.588376 0.015532 0.030255
8 0.163082 0.626592 0.013142 0.030255
4 0.177419 0.628185 0.013142 0.030255
19 0.196535 0.630573 0.013142 0.019108
2 0.443847 0.297771 0.017921 0.035032
2 0.422939 0.332006 0.011947 0.030255
3 0.436081 0.332803 0.011947 0.028662
3 0.450418 0.332006 0.014337 0.030255
4 0.442652 0.635350 0.015532 0.035032
10 0.421147 0.676752 0.015532 0.031847
7 0.437276 0.677548 0.014337 0.033439
4 0.450418 0.676752 0.014337 0.028662
19 0.470729 0.679140 0.014337 0.023885
7 0.739546 0.295382 0.019116 0.030255
9 0.718638 0.332006 0.015532 0.033439
7 0.731780 0.331210 0.010753 0.028662
7 0.747909 0.329618 0.014337 0.031847
19 0.765233 0.333599 0.015532 0.020701
11 0.888292 0.293790 0.017921 0.033439
10 0.866786 0.329618 0.013142 0.031847
7 0.880526 0.332803 0.014337 0.028662
1 0.894265 0.332803 0.013142 0.031847
19 0.914576 0.332006 0.013142 0.023885
5 0.807646 0.540605 0.007168 0.033439
2 0.820191 0.543790 0.013142 0.033439
8 0.811828 0.578025 0.013142 0.028662
4 0.826165 0.579618 0.013142 0.028662
1 0.839307 0.581210 0.013142 0.031847
19 0.858423 0.581210 0.010753 0.028662
6 0.876344 0.570860 0.022700 0.065287
