0 0.198276 0.248855 0.014589 0.030534
1 0.217507 0.254962 0.015915 0.027481
1 0.197613 0.288550 0.018568 0.033588
19 0.220822 0.291603 0.014589 0.021374
0 0.242042 0.290076 0.022546 0.030534
2 0.488064 0.254198 0.015915 0.032061
1 0.464191 0.289313 0.018568 0.029008
7 0.481432 0.290840 0.013263 0.032061
7 0.494695 0.291603 0.013263 0.024427
19 0.516578 0.288550 0.017241 0.030534
4 0.649204 0.580916 0.014589 0.035115
11 0.629310 0.619847 0.014589 0.033588
1 0.645225 0.622137 0.014589 0.029008
19 0.666446 0.623664 0.017241 0.025954
1 0.198939 0.583969 0.018568 0.032061
12 0.175729 0.616031 0.014589 0.032061
9 0.192308 0.622137 0.013263 0.025954
10 0.207560 0.620611 0.017241 0.035115
19 0.229443 0.622137 0.015915 0.025954
