8 0.443915 0.149596 0.013757 0.024259
12 0.410582 0.183288 0.010582 0.024259
7 0.423280 0.183962 0.010582 0.025606
19 0.440212 0.185310 0.012698 0.022911
10 0.546561 0.289757 0.011640 0.032345
2 0.531746 0.326819 0.011640 0.030997
7 0.543915 0.328841 0.012698 0.026954
19 0.559788 0.328167 0.014815 0.022911
9 0.674603 0.442722 0.013757 0.025606
2 0.639153 0.475067 0.008466 0.025606
4 0.652381 0.473720 0.009524 0.025606
19 0.671958 0.477763 0.012698 0.022911
5 0.771958 0.712938 0.009524 0.029650
1 0.786243 0.713612 0.014815 0.028302
9 0.776720 0.743935 0.012698 0.021563
12 0.790476 0.746631 0.010582 0.032345
19 0.805820 0.747978 0.013757 0.021563
6 0.826455 0.745283 0.025397 0.035040
12 0.643386 0.860512 0.016931 0.033693
1 0.606349 0.894205 0.014815 0.030997
9 0.620635 0.892857 0.011640 0.025606
19 0.637566 0.896226 0.011640 0.018868
9 0.497884 0.661051 0.011640 0.028302
4 0.515344 0.630728 0.014815 0.024259
1 0.510582 0.662399 0.013757 0.028302
19 0.526455 0.664420 0.013757 0.024259
19 0.167196 0.663073 0.012698 0.018868
7 0.137566 0.662399 0.012698 0.030997
1 0.149206 0.661051 0.010582 0.028302
0 0.154497 0.337601 0.014815 0.025606
1 0.170370 0.335580 0.016931 0.032345
2 0.319577 0.338275 0.016931 0.026954
7 0.301587 0.369946 0.014815 0.030997
11 0.314815 0.370620 0.013757 0.024259
19 0.331217 0.370620 0.014815 0.024259
11 0.153968 0.369946 0.013757 0.030997
4 0.165608 0.371968 0.011640 0.026954
19 0.183069 0.373989 0.014815 0.022911
