2 0.164773 0.161141 0.006818 0.030504
3 0.181250 0.163793 0.017045 0.025199
10 0.130114 0.195623 0.012500 0.033156
7 0.144318 0.195623 0.013636 0.033156
4 0.158523 0.200928 0.012500 0.027851
19 0.175568 0.199602 0.014773 0.025199
5 0.140909 0.551724 0.006818 0.026525
4 0.152273 0.549735 0.015909 0.038462
2 0.141477 0.588196 0.014773 0.030504
7 0.157386 0.588196 0.012500 0.038462
10 0.167614 0.588196 0.012500 0.033156
19 0.186932 0.586207 0.014773 0.026525
6 0.204545 0.579576 0.020455 0.045093
4 0.392045 0.635279 0.020455 0.029178
9 0.371591 0.667109 0.013636 0.021220
1 0.384659 0.668435 0.017045 0.023873
19 0.403977 0.671751 0.014773 0.025199
1 0.484659 0.196286 0.012500 0.034483
2 0.496591 0.196286 0.011364 0.026525
8 0.526136 0.164456 0.013636 0.029178
8 0.509659 0.196286 0.012500 0.026525
19 0.528977 0.200265 0.014773 0.026525
10 0.882955 0.181034 0.013636 0.033156
11 0.865341 0.214191 0.014773 0.033156
1 0.876705 0.215517 0.010227 0.030504
19 0.897727 0.218170 0.015909 0.025199
0 0.507386 0.430371 0.019318 0.027851
7 0.525568 0.432361 0.014773 0.029178
9 0.488068 0.462865 0.014773 0.026525
10 0.501136 0.462865 0.011364 0.023873
18 0.521591 0.464854 0.022727 0.025199
0 0.548295 0.462865 0.026136 0.031830
5 0.879545 0.720822 0.006818 0.025199
1 0.893750 0.716844 0.012500 0.038462
7 0.884091 0.751989 0.015909 0.023873
7 0.897159 0.752653 0.012500 0.025199
19 0.915909 0.752653 0.013636 0.025199
6 0.933523 0.748674 0.023864 0.054377
12 0.735795 0.862069 0.012500 0.023873
10 0.693750 0.893899 0.014773 0.031830
4 0.708523 0.895225 0.012500 0.031830
1 0.722727 0.897215 0.013636 0.027851
19 0.740909 0.899867 0.011364 0.022546
