5 0.291956 0.379650 0.009709 0.050328
7 0.305825 0.379650 0.015257 0.045952
8 0.294036 0.428884 0.016644 0.043764
4 0.311373 0.431072 0.018031 0.035011
19 0.333564 0.435449 0.018031 0.030635
6 0.354369 0.433260 0.023578 0.048140
2 0.410541 0.349015 0.013870 0.045952
2 0.424411 0.344639 0.016644 0.050328
2 0.374480 0.400438 0.016644 0.039387
3 0.391817 0.399344 0.015257 0.041575
3 0.408460 0.402626 0.018031 0.039387
5 0.667822 0.405908 0.009709 0.050328
16 0.680305 0.411379 0.015257 0.030635
0 0.826630 0.376368 0.022191 0.048140
11 0.849515 0.381838 0.020804 0.041575
1 0.804438 0.434354 0.016644 0.054705
7 0.821775 0.438731 0.018031 0.045952
14 0.846047 0.434354 0.022191 0.041575
0 0.868239 0.435449 0.022191 0.052516
2 0.409154 0.756018 0.011096 0.037199
4 0.426491 0.751641 0.023578 0.050328
12 0.366158 0.806346 0.016644 0.045952
12 0.382802 0.807440 0.013870 0.048140
10 0.398058 0.807440 0.016644 0.048140
19 0.423024 0.810722 0.016644 0.037199
2 0.839112 0.758206 0.013870 0.041575
1 0.857143 0.754923 0.024965 0.052516
4 0.803051 0.801969 0.019417 0.045952
1 0.822469 0.810722 0.016644 0.045952
19 0.843273 0.811816 0.019417 0.030635
