2 0.199774 0.208580 0.015801 0.029586
2 0.180587 0.244822 0.009029 0.031065
9 0.193567 0.244822 0.010158 0.025148
9 0.206546 0.244083 0.011287 0.023669
19 0.225169 0.247041 0.010158 0.023669
0 0.198646 0.389053 0.018059 0.035503
1 0.218962 0.392751 0.022573 0.031065
10 0.198081 0.427515 0.012415 0.029586
11 0.212190 0.428254 0.011287 0.028107
14 0.233070 0.428254 0.019187 0.031065
0 0.254515 0.426775 0.023702 0.031065
1 0.549661 0.346154 0.015801 0.032544
8 0.529910 0.383136 0.014673 0.026627
7 0.543454 0.380917 0.012415 0.028107
19 0.561512 0.383136 0.016930 0.023669
0 0.735892 0.207101 0.018059 0.026627
4 0.752822 0.207840 0.013544 0.031065
1 0.718397 0.244083 0.014673 0.041420
4 0.733634 0.245562 0.013544 0.032544
19 0.751693 0.250000 0.013544 0.029586
7 0.934537 0.437130 0.015801 0.031065
9 0.915914 0.473373 0.012415 0.026627
4 0.930587 0.474112 0.010158 0.028107
19 0.946953 0.474852 0.015801 0.023669
4 0.577878 0.599112 0.013544 0.029586
1 0.541196 0.635355 0.016930 0.039941
7 0.558126 0.638314 0.012415 0.028107
19 0.576185 0.637574 0.012415 0.023669
0 0.700903 0.622041 0.015801 0.028107
7 0.718962 0.625000 0.015801 0.022189
2 0.681151 0.659024 0.010158 0.031065
1 0.695260 0.661243 0.013544 0.029586
18 0.716704 0.660503 0.020316 0.025148
0 0.739842 0.661243 0.023702 0.035503
