0 0.535500 0.177268 0.043000 0.064546
16 0.575000 0.205332 0.024000 0.027128
4 0.573500 0.296071 0.031000 0.036483
1 0.604500 0.297474 0.029000 0.039289
13 0.637500 0.294668 0.029000 0.043031
9 0.491000 0.372311 0.032000 0.046773
4 0.526000 0.375585 0.024000 0.043966
13 0.558000 0.371843 0.034000 0.043966
1 0.098500 0.383068 0.029000 0.049579
1 0.129000 0.377456 0.032000 0.045837
0 0.165500 0.383536 0.035000 0.039289
9 0.380000 0.604303 0.040000 0.059869
1 0.422000 0.604303 0.040000 0.057998
4 0.596500 0.827409 0.035000 0.070159
0 0.636500 0.825070 0.027000 0.048644
16 0.667500 0.856408 0.035000 0.043966
9 0.754000 0.556127 0.036000 0.055192
8 0.789000 0.554256 0.028000 0.064546
14 0.840500 0.563611 0.051000 0.051450
