10 0.050738 0.399900 0.048585 0.109109
13 0.108856 0.415916 0.055351 0.127127
2 0.416974 0.080080 0.013530 0.082082
3 0.444649 0.080581 0.038130 0.095095
0 0.481857 0.064565 0.027675 0.073073
16 0.510148 0.095596 0.026445 0.039039
2 0.513838 0.405405 0.017835 0.090090
11 0.536593 0.398899 0.026445 0.117117
13 0.572878 0.412913 0.038745 0.091091
0 0.707872 0.405906 0.029520 0.103103
16 0.743850 0.446947 0.033825 0.069069
2 0.953260 0.408909 0.013530 0.113113
8 0.976322 0.402402 0.027675 0.126126
