2 0.470301 0.032533 0.014646 0.057057
1 0.493897 0.027528 0.027665 0.047047
14 0.531733 0.025526 0.044752 0.049049
1 0.187958 0.265766 0.027665 0.063063
4 0.215216 0.258759 0.025224 0.063063
14 0.254679 0.243243 0.052075 0.084084
4 0.012612 0.442442 0.023596 0.072072
7 0.034174 0.438438 0.022783 0.086086
14 0.082587 0.433934 0.061025 0.097097
7 0.279089 0.447948 0.026037 0.065065
11 0.311229 0.455455 0.026851 0.070070
11 0.550448 0.459459 0.033360 0.060060
8 0.584215 0.457958 0.022783 0.065065
0 0.676973 0.453453 0.037429 0.056056
16 0.711147 0.485485 0.030919 0.040040
8 0.229048 0.771271 0.039870 0.075075
10 0.269325 0.775275 0.030919 0.057057
13 0.307567 0.778779 0.026037 0.062062
10 0.434093 0.967467 0.038242 0.065065
9 0.470301 0.970470 0.032547 0.059059
14 0.517494 0.970971 0.045566 0.058058
1 0.919447 0.675676 0.052075 0.092092
0 0.969487 0.675175 0.039870 0.057057
16 0.989422 0.719720 0.021155 0.042042
