8 0.102564 0.342500 0.051282 0.121000
7 0.142012 0.347000 0.028928 0.092000
0 0.184747 0.383500 0.036818 0.055000
7 0.321828 0.162000 0.026956 0.096000
1 0.353057 0.167500 0.028928 0.075000
13 0.390861 0.160000 0.045365 0.104000
2 0.502959 0.139500 0.017094 0.081000
1 0.530243 0.140000 0.034845 0.082000
0 0.573964 0.135500 0.046022 0.073000
8 0.576266 0.404000 0.026956 0.090000
4 0.602564 0.414000 0.025641 0.096000
13 0.629849 0.432000 0.028928 0.074000
7 0.863905 0.405500 0.038133 0.085000
8 0.898751 0.399000 0.026298 0.102000
0 0.942472 0.414500 0.038790 0.085000
10 0.354043 0.716500 0.040105 0.119000
11 0.389546 0.736500 0.032216 0.093000
13 0.432939 0.742500 0.037475 0.105000
