2 0.247436 0.238402 0.017949 0.033505
2 0.270513 0.235825 0.023077 0.038660
2 0.217949 0.279639 0.020513 0.038660
3 0.241026 0.287371 0.020513 0.038660
3 0.265385 0.284794 0.023077 0.038660
5 0.243590 0.471649 0.015385 0.041237
1 0.264103 0.474227 0.025641 0.041237
2 0.250000 0.520619 0.023077 0.041237
6 0.289744 0.520619 0.046154 0.036082
2 0.542308 0.355670 0.012821 0.036082
11 0.566667 0.354381 0.025641 0.038660
2 0.514103 0.402062 0.017949 0.041237
3 0.535897 0.402062 0.020513 0.041237
3 0.558974 0.404639 0.025641 0.041237
5 0.715385 0.472938 0.015385 0.038660
7 0.734615 0.472938 0.028205 0.038660
2 0.721795 0.520619 0.023077 0.041237
6 0.761538 0.520619 0.046154 0.041237
2 0.717949 0.710052 0.020513 0.043814
7 0.744872 0.711340 0.033333 0.046392
2 0.691026 0.756443 0.017949 0.038660
3 0.712821 0.759021 0.020513 0.043814
3 0.734615 0.760309 0.023077 0.036082
