4 0.304432 0.265000 0.035967 0.082000
7 0.343288 0.259000 0.032755 0.078000
14 0.380218 0.248500 0.032113 0.089000
4 0.052023 0.640500 0.043674 0.097000
1 0.091843 0.629500 0.032113 0.095000
0 0.127810 0.632000 0.034682 0.086000
4 0.491651 0.557000 0.027617 0.078000
11 0.521837 0.552000 0.021195 0.108000
14 0.555234 0.559500 0.044316 0.079000
4 0.666024 0.542500 0.024406 0.067000
8 0.692036 0.534500 0.023764 0.069000
14 0.732820 0.538000 0.033398 0.076000
4 0.835260 0.553500 0.035324 0.079000
10 0.868015 0.541500 0.030186 0.089000
14 0.919075 0.575500 0.059088 0.083000
