2 0.105105 0.306893 0.016016 0.039660
11 0.136637 0.311615 0.031031 0.039660
1 0.493994 0.126062 0.035035 0.042493
15 0.527027 0.138810 0.017017 0.016997
4 0.555055 0.127479 0.037037 0.045326
2 0.903904 0.365439 0.016016 0.043437
11 0.927928 0.356468 0.024024 0.046270
0 0.963964 0.355052 0.026026 0.035883
13 0.719720 0.311615 0.026026 0.033994
7 0.675175 0.308310 0.021021 0.031161
2 0.697698 0.309726 0.010010 0.045326
11 0.261762 0.536827 0.025025 0.042493
2 0.284785 0.539660 0.009009 0.038716
13 0.311311 0.538716 0.026026 0.038716
8 0.459459 0.398017 0.010010 0.034939
1 0.482983 0.392823 0.021021 0.045326
13 0.511011 0.393296 0.027027 0.027384
4 0.486486 0.745515 0.026026 0.040604
6 0.522523 0.755902 0.034034 0.042493
