8 0.064921 0.514014 0.027977 0.073073
1 0.098637 0.512012 0.043759 0.083083
2 0.267575 0.283283 0.021521 0.088088
11 0.291607 0.283784 0.026542 0.079079
17 0.326040 0.291291 0.040890 0.052052
2 0.308106 0.527027 0.020803 0.063063
11 0.338594 0.531532 0.030129 0.076076
17 0.372669 0.537538 0.030846 0.048048
10 0.486729 0.510511 0.033716 0.078078
7 0.520803 0.504505 0.030129 0.078078
8 0.619799 0.538038 0.031564 0.087087
1 0.649570 0.541542 0.025108 0.070070
4 0.613343 0.860861 0.040172 0.102102
1 0.654232 0.863363 0.032999 0.065065
17 0.690100 0.865866 0.030129 0.044044
0 0.729555 0.839840 0.043042 0.092092
11 0.837877 0.562563 0.025825 0.062062
11 0.868364 0.569069 0.026542 0.057057
13 0.915710 0.565566 0.050933 0.094094
