8 0.228194 0.287000 0.029956 0.064000
8 0.259471 0.291500 0.020264 0.059000
14 0.297797 0.288000 0.040529 0.056000
11 0.088987 0.447500 0.035242 0.061000
12 0.118943 0.447000 0.021145 0.062000
14 0.151101 0.450000 0.034361 0.050000
10 0.473568 0.111500 0.025551 0.037000
1 0.501322 0.113000 0.026432 0.050000
14 0.541850 0.099500 0.042291 0.061000
11 0.686784 0.224000 0.032599 0.078000
17 0.718502 0.243500 0.023789 0.039000
6 0.751542 0.235000 0.029956 0.062000
10 0.401762 0.440000 0.026432 0.054000
4 0.431278 0.443000 0.022026 0.056000
13 0.463436 0.450500 0.028194 0.077000
12 0.408811 0.708500 0.028194 0.059000
8 0.435683 0.706500 0.018502 0.065000
13 0.465198 0.705500 0.037004 0.059000
11 0.481938 0.871000 0.040529 0.060000
1 0.540969 0.881000 0.063436 0.064000
12 0.881057 0.628500 0.035242 0.079000
17 0.920264 0.642000 0.020264 0.042000
6 0.955066 0.632500 0.035242 0.053000
