4 0.337825 0.140000 0.040423 0.058000
17 0.376323 0.145000 0.032724 0.036000
6 0.423003 0.140500 0.045236 0.063000
8 0.073628 0.600000 0.041386 0.072000
13 0.118864 0.611000 0.035611 0.064000
4 0.397498 0.409000 0.038499 0.068000
11 0.433109 0.411500 0.032724 0.051000
14 0.490375 0.403000 0.074110 0.066000
11 0.681424 0.348500 0.036574 0.077000
13 0.726179 0.362000 0.037536 0.090000
1 0.451396 0.604500 0.028874 0.071000
8 0.491819 0.605000 0.042348 0.080000
8 0.755053 0.622000 0.039461 0.074000
13 0.801732 0.632500 0.030799 0.089000
7 0.295958 0.862000 0.045236 0.064000
7 0.337344 0.871000 0.033686 0.068000
0 0.395091 0.869500 0.060635 0.065000
