1 0.034612 0.382000 0.045147 0.082000
10 0.075997 0.384000 0.033108 0.096000
17 0.116629 0.389500 0.043642 0.041000
0 0.157637 0.368500 0.035365 0.115000
9 0.322047 0.141500 0.045147 0.083000
9 0.367570 0.144000 0.038375 0.090000
17 0.413469 0.157000 0.044394 0.050000
7 0.586907 0.129000 0.055681 0.102000
11 0.626411 0.125500 0.032355 0.109000
17 0.681716 0.134000 0.052671 0.086000
2 0.837472 0.310500 0.021068 0.075000
11 0.872084 0.304500 0.039127 0.081000
0 0.918736 0.306500 0.043642 0.101000
10 0.509782 0.334500 0.036870 0.105000
1 0.560196 0.362000 0.054929 0.082000
7 0.320542 0.484500 0.036117 0.075000
7 0.360045 0.486000 0.032355 0.068000
14 0.407449 0.476500 0.054929 0.079000
2 0.346501 0.710000 0.027840 0.064000
11 0.378856 0.698500 0.033860 0.073000
14 0.437923 0.685500 0.061701 0.081000
8 0.702032 0.620000 0.031603 0.096000
1 0.741535 0.617500 0.047404 0.071000
13 0.799097 0.610000 0.069225 0.086000
