10 0.302823 0.167000 0.030055 0.052000
10 0.337432 0.169000 0.022769 0.064000
13 0.370219 0.166000 0.031876 0.080000
2 0.088798 0.405500 0.019126 0.057000
1 0.119763 0.409500 0.030055 0.055000
6 0.152550 0.410500 0.026412 0.057000
8 0.113843 0.618000 0.029144 0.064000
8 0.142077 0.630000 0.021858 0.054000
13 0.171220 0.629500 0.025501 0.061000
9 0.474044 0.487000 0.030055 0.050000
9 0.500000 0.485500 0.023679 0.061000
13 0.535519 0.493500 0.027322 0.069000
12 0.752732 0.489000 0.030055 0.064000
12 0.784608 0.484500 0.026412 0.077000
13 0.820128 0.489000 0.033698 0.064000
