0 0.168232 0.339286 0.014085 0.046703
9 0.184664 0.339286 0.015649 0.046703
2 0.168232 0.392857 0.014085 0.038462
0 0.189358 0.394231 0.018779 0.041209
2 0.165102 0.596154 0.014085 0.038462
10 0.179186 0.593407 0.014085 0.049451
2 0.149452 0.645604 0.010955 0.043956
3 0.161972 0.648352 0.014085 0.043956
3 0.176839 0.648352 0.015649 0.038462
2 0.345853 0.597527 0.012520 0.041209
9 0.360720 0.593407 0.017214 0.043956
2 0.328638 0.646978 0.012520 0.041209
3 0.342723 0.642857 0.012520 0.038462
3 0.358372 0.646978 0.018779 0.041209
5 0.561033 0.472527 0.007825 0.049451
4 0.574335 0.468407 0.018779 0.052198
2 0.562598 0.521978 0.017214 0.038462
6 0.587637 0.521978 0.023474 0.043956
1 0.586854 0.818681 0.012520 0.043956
3 0.602504 0.815934 0.018779 0.049451
2 0.557121 0.868132 0.015649 0.043956
3 0.571205 0.869505 0.012520 0.041209
3 0.585290 0.868132 0.012520 0.038462
2 0.741784 0.468407 0.009390 0.046703
12 0.756651 0.464286 0.014085 0.043956
2 0.725352 0.521978 0.014085 0.043956
3 0.737089 0.517857 0.012520 0.052198
3 0.751956 0.524725 0.014085 0.043956
