1 0.206166 0.296296 0.015414 0.047138
2 0.221580 0.296296 0.015414 0.047138
4 0.184971 0.358586 0.023121 0.043771
13 0.210019 0.358586 0.015414 0.057239
1 0.234104 0.877104 0.017341 0.057239
11 0.254335 0.877104 0.023121 0.057239
11 0.197495 0.937710 0.017341 0.043771
3 0.213873 0.937710 0.015414 0.043771
14 0.240848 0.941077 0.026975 0.050505
5 0.424855 0.292929 0.009634 0.053872
11 0.439306 0.291246 0.023121 0.050505
2 0.426782 0.355219 0.021195 0.057239
6 0.459538 0.358586 0.032755 0.050505
1 0.648362 0.296296 0.013487 0.053872
7 0.665703 0.296296 0.021195 0.053872
2 0.628131 0.353535 0.015414 0.053872
8 0.643545 0.356902 0.015414 0.053872
3 0.659923 0.356902 0.017341 0.047138
0 0.871869 0.292929 0.021195 0.047138
12 0.893064 0.294613 0.021195 0.057239
2 0.870906 0.358586 0.015414 0.057239
2 0.886320 0.356902 0.015414 0.047138
0 0.914258 0.365320 0.028902 0.063973
