1 0.335907 0.190476 0.030888 0.030303
8 0.374517 0.189394 0.038610 0.032468
1 0.297297 0.230519 0.046332 0.041126
13 0.345560 0.230519 0.034749 0.032468
1 0.337838 0.388528 0.027027 0.032468
10 0.372587 0.387446 0.042471 0.034632
4 0.297297 0.427489 0.038610 0.032468
13 0.341699 0.428571 0.034749 0.030303
1 0.337838 0.587662 0.027027 0.028139
9 0.376448 0.587662 0.042471 0.036797
7 0.293436 0.626623 0.054054 0.036797
1 0.337838 0.785714 0.027027 0.034632
12 0.376448 0.785714 0.042471 0.038961
11 0.295367 0.823593 0.050193 0.036797
0 0.785714 0.188312 0.042471 0.034632
2 0.822394 0.185065 0.023166 0.036797
3 0.857143 0.187229 0.038610 0.036797
4 0.781853 0.230519 0.034749 0.036797
1 0.818533 0.227273 0.038610 0.030303
0 0.872587 0.229437 0.054054 0.034632
4 0.779923 0.437229 0.030888 0.030303
3 0.814672 0.436147 0.038610 0.036797
2 0.739382 0.477273 0.034749 0.032468
11 0.772201 0.477273 0.038610 0.036797
4 0.781853 0.686147 0.034749 0.030303
2 0.820463 0.686147 0.034749 0.034632
10 0.735521 0.726190 0.042471 0.041126
1 0.774131 0.726190 0.034749 0.032468
